------WebKitFormBoundary8kD719rZcVFyPZNN
Content-Disposition: form-data; name="in_file"; filename="output.txt"
Content-Type: text/plain

source,target
0,1
0,2
0,3
0,4
0,5
0,6
0,7
0,8
0,9
0,10
0,11
0,12
0,13
0,14
0,15
0,16
0,17
0,18
0,19
0,20
0,21
0,22
0,23
0,24
0,25
0,26
0,27
0,28
0,29
0,30
0,31
0,32
0,33
0,34
0,35
0,36
0,37
0,38
0,39
0,40
0,41
0,42
0,43
0,44
0,45
0,46
0,47
0,48
0,49
0,50
0,51
0,52
0,53
0,54
0,55
0,56
0,57
0,58
0,59
0,60
0,61
0,62
0,63
0,64
0,65
0,66
0,67
0,68
0,69
0,70
0,71
0,72
0,73
0,74
0,75
0,76
0,77
0,78
0,79
0,80
0,81
0,82
0,83
0,84
0,85
0,86
0,87
0,88
0,89
0,90
0,91
0,92
0,93
0,94
0,95
0,96
0,97
0,98
0,99
0,100
0,101
0,102
0,103
0,104
0,105
0,106
0,107
0,108
0,109
0,110
0,111
0,112
0,113
0,114
0,115
0,116
0,117
0,118
0,119
0,120
0,121
0,122
0,123
0,124
0,125
0,126
0,127
0,128
0,129
0,130
0,131
0,132
0,133
0,134
0,135
0,136
0,137
0,138
0,139
0,140
0,141
0,142
0,143
0,144
0,145
0,146
0,147
0,148
0,149
0,150
0,151
0,152
0,153
0,154
0,155
0,156
0,157
0,158
0,159
0,160
0,161
0,162
0,163
0,164
0,165
0,166
0,167
0,168
0,169
0,170
0,171
0,172
0,173
0,174
0,175
0,176
0,177
0,178
0,179
0,180
0,181
0,182
0,183
0,184
0,185
0,186
0,187
0,188
0,189
0,190
0,191
0,192
0,193
0,194
0,195
0,196
0,197
0,198
0,199
0,200
0,201
0,202
0,203
0,204
0,205
0,206
0,207
0,208
0,209
0,210
0,211
0,212
0,213
0,214
0,215
0,216
0,217
0,218
0,219
0,220
0,221
0,222
0,223
0,224
0,225
0,226
0,227
0,228
0,229
0,230
0,231
0,232
0,233
0,234
0,235
0,236
0,237
0,238
0,239
0,240
0,241
0,242
0,243
0,244
0,245
0,246
0,247
0,248
0,249
0,250
0,251
0,252
0,253
0,254
0,255
0,256
0,257
0,258
0,259
0,260
0,261
0,262
0,263
0,264
0,265
0,266
0,267
0,268
0,269
0,270
0,271
0,272
0,273
0,274
0,275
0,276
0,277
0,278
0,279
0,280
0,281
0,282
0,283
0,284
0,285
0,286
0,287
0,288
0,289
0,290
0,291
0,292
0,293
0,294
0,295
0,296
0,297
0,298
0,299
0,300
0,301
0,302
0,303
0,304
0,305
0,306
0,307
0,308
0,309
0,310
0,311
0,312
0,313
0,314
0,315
0,316
0,317
0,318
0,319
0,320
0,321
0,322
0,323
0,324
0,325
0,326
0,327
0,328
0,329
0,330
0,331
0,332
0,333
0,334
0,335
0,336
0,337
0,338
0,339
0,340
0,341
0,342
0,343
0,344
0,345
0,346
0,347
0,348
0,349
0,350
0,351
0,352
0,353
0,354
0,355
0,356
0,357
0,358
0,359
0,360
0,361
0,362
0,363
0,364
0,365
0,366
0,367
0,368
0,369
0,370
0,371
0,372
0,373
0,374
0,375
0,376
0,377
0,378
0,379
0,380
0,381
0,382
0,383
0,384
0,385
0,386
0,387
0,388
0,389
0,390
0,391
0,392
0,393
0,394
0,395
0,396
0,397
0,398
0,399
0,400
0,401
0,402
0,403
0,404
0,405
0,406
0,407
0,408
0,409
0,410
0,411
0,412
0,413
0,414
0,415
0,416
0,417
0,418
0,419
0,420
0,421
0,422
0,423
0,424
0,425
0,426
0,427
0,428
0,429
0,430
0,431
0,432
0,433
0,434
0,435
0,436
0,437
0,438
0,439
0,440
0,441
0,442
0,443
0,444
0,445
0,446
0,447
0,448
0,449
0,450
0,451
0,452
0,453
0,454
0,455
0,456
0,457
0,458
0,459
0,460
0,461
0,462
0,463
0,464
0,465
0,466
0,467
0,468
0,469
0,470
0,471
0,472
0,473
0,474
0,475
0,476
0,477
0,478
0,479
0,480
0,481
0,482
0,483
0,484
0,485
0,486
0,487
0,488
0,489
0,490
0,491
0,492
0,493
0,494
0,495
0,496
0,497
0,498
0,499
0,500
0,501
0,502
0,503
0,504
0,505
0,506
0,507
0,508
0,509
0,510
0,511
0,512
0,513
0,514
0,515
0,516
0,517
0,518
0,519
0,520
0,521
0,522
0,523
0,524
0,525
0,526
0,527
0,528
0,529
0,530
0,531
0,532
0,533
0,534
0,535
0,536
0,537
0,538
0,539
0,540
0,541
0,542
0,543
0,544
0,545
0,546
0,547
0,548
0,549
0,550
0,551
0,552
0,553
0,554
0,555
0,556
0,557
0,558
0,559
0,560
0,561
0,562
0,563
0,564
0,565
0,566
0,567
0,568
0,569
0,570
0,571
0,572
0,573
0,574
0,575
0,576
0,577
0,578
0,579
0,580
0,581
0,582
0,583
0,584
0,585
0,586
0,587
0,588
0,589
0,590
0,591
0,592
0,593
0,594
0,595
0,596
0,597
0,598
0,599
0,600
0,601
0,602
0,603
0,604
0,605
0,606
0,607
0,608
0,609
0,610
0,611
0,612
0,613
0,614
0,615
0,616
0,617
0,618
0,619
0,620
0,621
0,622
0,623
0,624
0,625
0,626
0,627
0,628
0,629
0,630
0,631
0,632
0,633
0,634
0,635
0,636
0,637
0,638
0,639
0,640
0,641
0,642
0,643
0,644
0,645
0,646
0,647
0,648
0,649
0,650
0,651
0,652
0,653
0,654
0,655
0,656
0,657
0,658
0,659
0,660
0,661
0,662
0,663
0,664
0,665
0,666
0,667
0,668
0,669
0,670
0,671
0,672
0,673
0,674
0,675
0,676
0,677
0,678
0,679
0,680
0,681
0,682
683,684
683,2
683,3
683,7
683,8
683,685
683,686
683,13
683,14
683,17
683,18
683,21
683,22
683,24
683,25
683,26
683,27
683,28
683,30
683,31
683,36
683,37
683,40
683,43
683,687
683,45
683,688
683,51
683,689
683,690
683,55
683,58
683,59
683,60
683,62
683,63
683,64
683,65
683,691
683,68
683,71
683,72
683,74
683,75
683,76
683,692
683,78
683,79
683,80
683,82
683,83
683,84
683,87
683,88
683,89
683,90
683,93
683,95
683,98
683,99
683,693
683,101
683,102
683,531
683,104
683,107
683,110
683,115
683,116
683,117
683,694
683,120
683,124
683,125
683,695
683,130
683,133
683,134
683,696
683,142
683,697
683,698
683,699
683,151
683,700
683,701
683,156
683,702
683,166
683,703
683,177
683,704
683,705
683,182
683,706
683,190
683,707
683,708
683,709
683,710
683,512
683,202
683,711
683,527
683,712
683,207
683,209
683,212
683,713
683,714
683,219
683,715
683,222
683,551
683,716
683,225
683,717
683,559
683,229
683,230
683,232
683,233
683,234
683,718
683,719
683,720
683,721
683,251
683,722
683,723
683,724
683,725
683,726
683,727
683,728
683,729
683,276
683,730
683,280
683,731
683,283
683,732
683,288
683,733
683,291
683,292
683,294
683,297
683,734
683,735
683,736
683,737
683,738
683,739
683,740
683,741
683,307
683,742
683,743
683,744
683,745
683,746
683,747
683,748
683,749
683,750
683,751
683,752
683,753
683,754
683,755
683,756
683,757
683,758
683,759
683,760
683,761
683,762
683,763
683,764
683,765
683,766
683,309
683,767
683,768
683,769
683,770
683,771
683,772
683,773
683,774
683,775
683,776
683,777
683,311
683,778
683,779
683,780
683,781
683,782
683,783
683,784
683,785
683,313
683,786
683,787
683,788
683,789
683,790
683,791
683,792
683,793
683,794
683,795
683,796
683,797
683,798
683,799
683,800
683,801
683,802
683,803
683,804
683,805
683,806
683,807
683,808
683,809
683,810
683,811
683,812
683,813
683,814
683,815
683,816
683,817
683,818
683,819
683,820
683,821
683,822
683,823
683,824
683,321
683,825
683,826
683,827
683,828
683,829
683,830
683,831
683,832
683,322
683,833
683,834
683,835
683,323
683,324
683,836
683,837
683,326
683,838
683,327
683,839
683,840
683,841
683,329
683,842
683,330
683,843
683,844
683,845
683,846
683,847
683,848
683,849
683,333
683,850
683,851
683,852
683,853
683,854
683,335
683,855
683,856
683,857
683,858
683,859
683,860
683,861
683,862
683,863
683,864
683,865
683,866
683,867
683,868
683,869
683,870
683,871
683,872
683,873
683,874
683,875
683,876
683,877
683,878
683,879
683,880
683,881
683,882
683,883
683,884
683,885
683,886
683,887
683,888
683,889
683,890
683,891
683,347
683,892
683,893
683,894
683,895
683,896
683,897
683,898
683,899
683,900
683,901
683,902
683,349
683,903
683,904
683,905
683,906
683,907
683,908
683,909
683,910
683,911
683,912
683,913
683,914
683,915
683,916
683,917
683,918
683,919
683,920
683,921
683,922
683,354
683,923
683,924
683,925
683,926
683,927
683,928
683,929
683,930
683,931
683,932
683,933
683,934
683,935
683,936
683,937
683,938
683,939
683,940
683,941
683,942
683,943
683,944
683,945
683,946
683,947
683,948
683,357
683,949
683,950
683,951
683,359
683,952
683,953
683,360
683,954
683,955
683,956
683,957
683,958
683,366
683,959
683,960
683,570
683,961
683,962
683,963
683,964
683,371
683,965
683,966
683,967
683,373
683,375
683,968
683,969
683,377
683,970
683,971
683,972
683,973
683,974
683,975
683,976
683,977
683,384
683,978
683,979
683,387
683,980
683,388
683,981
683,390
683,982
683,393
683,983
683,984
683,395
683,985
683,986
683,987
683,988
683,989
683,990
683,399
683,991
683,992
683,993
683,994
683,403
683,995
683,996
683,997
683,998
683,999
683,1000
683,1001
683,412
683,1002
683,413
683,1003
683,1004
683,416
683,1005
683,1006
683,1007
683,1008
683,1009
683,1010
683,1011
683,1012
683,1013
683,1014
683,1015
683,1016
683,1017
683,1018
683,1019
683,1020
683,1021
683,1022
683,1023
683,1024
683,424
683,425
683,1025
683,1026
683,1027
683,1028
683,1029
683,1030
683,1031
683,1032
683,439
683,1033
683,1034
683,1035
683,1036
683,1037
683,1038
683,441
683,1039
683,443
683,1040
683,1041
683,1042
683,451
683,1043
683,1044
683,1045
683,1046
683,1047
683,1048
683,1049
683,454
683,1050
683,1051
683,1052
683,1053
683,1054
683,1055
683,1056
683,1057
683,1058
683,1059
683,1060
683,1061
683,1062
683,1063
683,1064
683,1065
683,1066
683,1067
683,1068
683,1069
683,1070
683,1071
683,1072
683,1073
683,1074
683,472
683,1075
683,1076
683,1077
683,1078
683,1079
683,1080
683,1081
683,1082
683,1083
683,1084
683,1085
683,1086
683,1087
683,1088
683,1089
683,1090
683,1091
683,1092
683,1093
683,1094
683,1095
683,1096
683,1097
683,1098
683,1099
683,1100
683,1101
683,1102
683,1103
683,1104
683,1105
683,1106
683,1107
683,1108
683,1109
683,1110
683,1111
683,1112
683,500
683,1113
683,1114
683,1115
683,1116
683,1117
683,1118
683,1119
683,1120
683,1121
683,1122
683,1123
683,1124
683,1125
683,1126
683,1127
683,1128
683,509
683,1129
683,1130
683,1131
683,1132
683,1133
683,1134
683,1135
683,1136
683,1137
683,1138
683,1139
683,1140
683,1141
683,1142
683,1143
683,518
683,1144
683,1145
683,523
683,1146
683,1147
683,1148
683,526
683,1149
683,1150
683,1151
683,1152
683,1153
683,1154
683,1155
683,1156
683,1157
683,1158
683,1159
683,1160
683,535
683,1161
683,1162
683,1163
683,1164
683,1165
683,1166
683,1167
683,1168
683,1169
683,1170
683,1171
683,1172
683,546
683,1173
683,547
683,1174
683,1175
683,1176
683,1177
683,1178
683,1179
683,1180
683,1181
683,554
683,1182
683,1183
683,1184
683,1185
683,1186
683,1187
683,1188
683,1189
683,561
683,1190
683,1191
683,1192
683,1193
683,493
683,1194
683,1195
683,565
683,1196
683,1197
683,1198
683,325
683,1199
683,1200
683,1201
683,1202
683,1203
683,572
683,1204
683,1205
683,1206
683,1207
683,1208
683,1209
683,1210
683,1211
683,1212
683,1213
683,1214
683,1215
683,1216
683,1217
683,1218
683,1219
683,580
683,1220
683,584
683,1221
683,1222
683,1223
683,586
683,1224
683,588
683,1225
683,1226
683,1227
683,590
683,1228
683,1229
683,592
683,1230
683,1231
683,1232
683,596
683,1233
683,1234
683,1235
683,1236
683,1237
683,1238
683,1239
683,1240
683,606
683,1241
683,1242
683,530
683,1243
683,1244
683,1245
683,1246
683,1247
683,1248
683,1249
683,1250
683,1251
683,1252
683,1253
683,1254
683,1255
683,1256
683,1257
683,1258
683,1259
683,1260
683,1261
683,1262
683,1263
683,1264
683,1265
683,624
683,1266
683,1267
683,1268
683,1269
683,1270
683,1271
683,628
683,1272
683,629
683,1273
683,1274
683,1275
683,1276
683,1277
683,1278
683,1279
683,1280
683,1281
683,1282
683,1283
683,1284
683,1285
683,1286
683,1287
683,1288
683,1289
683,1290
683,1291
683,1292
683,646
683,1293
683,1294
683,1295
683,648
683,1296
683,1297
683,1298
683,1299
683,1300
683,1301
683,1302
683,1303
683,1304
683,1305
683,1306
683,1307
683,1308
683,1309
683,1310
683,1311
683,1312
683,1313
683,1314
683,657
683,1315
683,1316
683,1317
683,1318
683,1319
683,1320
683,659
683,1321
683,1322
683,1323
683,1324
683,1325
683,1326
683,1327
683,1328
683,1329
683,1330
683,1331
683,1332
683,1333
683,1334
683,1335
683,1336
683,1337
683,675
683,1338
683,1339
683,1340
683,1341
683,1342
683,1343
683,1344
683,1345
683,1346
683,681
683,1347
683,1348
683,1349
1350,380
1350,3
1350,7
1350,8
1350,9
1350,1351
1350,15
1350,942
1350,1352
1350,21
1350,22
1350,23
1350,969
1350,27
1350,28
1350,1353
1350,30
1350,32
1350,1354
1350,359
1350,952
1350,1355
1350,1356
1350,1357
1350,1358
1350,360
1350,1359
1350,1360
1350,1361
1350,1362
1350,45
1350,364
1350,47
1350,48
1350,1363
1350,958
1350,51
1350,1364
1350,1365
1350,1366
1350,55
1350,1367
1350,1368
1350,1369
1350,1370
1350,1371
1350,366
1350,62
1350,1372
1350,1373
1350,1374
1350,960
1350,1375
1350,1376
1350,69
1350,1377
1350,963
1350,1378
1350,1379
1350,74
1350,371
1350,76
1350,965
1350,1380
1350,1381
1350,1382
1350,1383
1350,1384
1350,1385
1350,84
1350,375
1350,86
1350,87
1350,1386
1350,1387
1350,90
1350,1388
1350,378
1350,1389
1350,1390
1350,1391
1350,379
1350,97
1350,1392
1350,99
1350,100
1350,101
1350,102
1350,1393
1350,1394
1350,1395
1350,1396
1350,107
1350,1397
1350,1398
1350,1399
1350,1400
1350,1401
1350,1402
1350,385
1350,386
1350,116
1350,117
1350,1403
1350,388
1350,120
1350,121
1350,390
1350,1404
1350,124
1350,1405
1350,1406
1350,1407
1350,1408
1350,392
1350,393
1350,983
1350,1409
1350,1410
1350,984
1350,395
1350,1411
1350,1412
1350,396
1350,139
1350,1413
1350,1414
1350,1415
1350,1416
1350,1417
1350,1418
1350,1419
1350,1420
1350,990
1350,399
1350,1421
1350,151
1350,152
1350,401
1350,1422
1350,1423
1350,156
1350,1424
1350,389
1350,1425
1350,1426
1350,403
1350,162
1350,1427
1350,977
1350,1428
1350,166
1350,172
1350,177
1350,182
1350,185
1350,192
1350,1429
1350,1430
1350,200
1350,1431
1350,1432
1350,1433
1350,220
1350,1434
1350,674
1350,230
1350,232
1350,234
1350,1435
1350,402
1350,1436
1350,1244
1350,1437
1350,1438
1350,1439
1350,1440
1350,1441
1350,1442
1350,1443
1350,274
1350,1444
1350,1445
1350,1446
1350,291
1350,294
1350,1447
1350,1448
1350,956
1350,744
1350,1449
1350,754
1350,756
1350,1450
1350,760
1350,1451
1350,768
1350,770
1350,1452
1350,1453
1350,1280
1350,788
1350,1454
1350,1455
1350,797
1350,994
1350,800
1350,805
1350,1456
1350,1457
1350,817
1350,1458
1350,1459
1350,398
1350,822
1350,823
1350,1460
1350,1461
1350,1462
1350,326
1350,1463
1350,1464
1350,845
1350,1465
1350,335
1350,1466
1350,866
1350,870
1350,872
1350,1467
1350,1468
1350,1469
1350,1470
1350,404
1350,347
1350,424
1350,1471
1350,1472
1350,897
1350,1473
1350,1474
1350,1475
1350,909
1350,917
684,1405
684,3
684,27
684,142
684,15
684,1476
684,321
684,1421
684,25
684,26
684,155
684,28
684,29
684,1477
684,31
684,32
684,1478
684,952
684,1479
684,1480
684,407
684,997
684,1481
684,1482
684,1483
684,45
684,998
684,1484
684,1485
684,1486
684,333
684,1001
684,1487
684,412
684,1488
684,1489
684,1490
684,1368
684,1491
684,857
684,1492
684,416
684,1493
684,1494
684,192
684,863
684,417
684,195
684,1495
684,1496
684,1497
684,1498
684,324
684,877
684,208
684,89
684,776
684,1006
684,782
684,1499
684,1500
684,1501
2,3
2,7
2,8
2,9
2,15
2,16
2,21
2,22
2,23
2,24
2,25
2,27
2,28
2,29
2,30
2,33
2,35
2,1355
2,37
2,1502
2,45
2,47
2,48
2,61
2,62
2,70
2,71
2,73
2,78
2,80
2,85
2,93
2,95
2,97
2,98
2,100
2,104
2,105
2,938
2,114
2,115
2,1436
2,132
2,1395
2,1412
2,138
2,142
2,990
2,152
2,155
2,162
2,166
2,1482
2,188
2,192
2,1430
2,200
2,1503
2,1504
2,1505
2,1506
2,1507
2,1508
2,1509
2,1011
2,1510
2,1012
2,1511
2,1013
2,1014
2,1512
2,1513
2,1514
2,1515
2,1516
2,1517
2,220
2,1518
2,1519
2,1017
2,1520
2,225
2,952
2,1521
2,1522
2,1523
2,230
2,1524
2,232
2,1525
2,1526
2,1527
2,1528
2,1529
2,1530
2,423
2,1531
2,1532
2,1533
2,1534
2,1535
2,1536
2,1537
2,1538
2,424
2,1539
2,1540
2,425
2,1541
2,1542
2,1543
2,1544
2,1545
2,1546
2,1547
2,1548
2,276
2,363
2,292
2,736
2,1015
2,753
2,1450
2,760
2,768
2,769
2,1549
2,777
2,782
2,790
2,1550
2,801
2,805
2,808
2,809
2,812
2,815
2,817
2,822
2,829
2,326
2,1551
2,841
2,329
2,846
2,847
2,860
2,867
2,1379
2,869
2,1472
2,1479
3,5
3,8
3,9
3,938
3,18
3,21
3,1552
3,23
3,24
3,25
3,26
3,27
3,29
3,31
3,32
3,1354
3,952
3,1355
3,1357
3,360
3,45
3,47
3,48
3,52
3,1516
3,58
3,62
3,63
3,65
3,66
3,69
3,70
3,71
3,73
3,74
3,76
3,965
3,78
3,81
3,84
3,86
3,87
3,1386
3,90
3,93
3,94
3,95
3,97
3,99
3,100
3,101
3,1393
3,105
3,1419
3,977
3,1401
3,113
3,114
3,116
3,117
3,119
3,120
3,121
3,124
3,1395
3,1411
3,1412
3,138
3,142
3,990
3,399
3,152
3,155
3,162
3,1479
3,407
3,169
3,1482
3,1553
3,435
3,385
3,192
3,1554
3,200
3,1555
3,1506
3,1556
3,209
3,1557
3,1511
3,388
3,222
3,1017
3,225
3,230
3,1524
3,232
3,233
3,234
3,1528
3,238
3,242
3,246
3,1436
3,249
3,1558
3,1559
3,1560
3,1561
3,1562
3,1563
3,1564
3,1565
3,1566
3,1567
3,1568
3,1569
3,1570
3,1571
3,1030
3,1572
3,276
3,1031
3,1573
3,433
3,1574
3,1575
3,1576
3,1577
3,284
3,1578
3,363
3,1579
3,1580
3,1581
3,1582
3,1583
3,292
3,293
3,1584
3,1585
3,1586
3,1587
3,1447
3,1588
3,300
3,1589
3,1590
3,1591
3,956
3,1592
3,1593
3,1594
3,1039
3,443
3,444
3,1595
3,1596
3,1597
3,1598
3,1599
3,744
3,1600
3,1601
3,1602
3,1603
3,448
3,1041
3,449
3,1042
3,1604
3,1605
3,755
3,1450
3,760
3,761
3,778
3,1606
3,788
3,791
3,801
3,805
3,446
3,812
3,819
3,1526
3,822
3,823
3,1607
3,1391
3,322
3,833
3,835
3,1608
3,324
3,326
3,846
3,333
3,850
3,335
3,856
3,860
3,876
3,886
3,1609
1610,354
1610,1611
1610,1612
1610,8
1610,942
1610,945
1610,23
1610,24
1610,1430
1610,36
1610,1359
1610,1362
1610,45
1610,956
1610,1613
1610,58
1610,1614
1610,62
1610,64
1610,65
1610,1615
1610,69
1610,963
1610,72
1610,75
1610,1381
1610,1616
1610,1617
1610,969
1610,1618
1610,1619
1610,97
1610,98
1610,1620
1610,1621
1610,1622
1610,1401
1610,385
1610,507
1610,116
1610,388
1610,1434
1610,1436
1610,127
1610,1623
1610,393
1610,1624
1610,1625
1610,138
1610,142
1610,1420
1610,990
1610,1626
1610,152
1610,157
1610,1627
1610,1628
1610,166
1610,1074
1610,1629
1610,472
1610,192
1610,1630
1610,202
1610,205
1610,1509
1610,1011
1610,1631
1610,1632
1610,1633
1610,1634
1610,1519
1610,1520
1610,225
1610,229
1610,230
1610,231
1610,1355
1610,234
1610,235
1610,1529
1610,240
1610,242
1610,1635
1610,266
1610,1028
1610,1166
1610,1636
1610,1577
1610,286
1610,1637
1610,1638
1610,1639
1610,298
1610,737
1610,1640
1610,1596
1610,744
1610,1641
1610,746
1610,1642
1610,753
1610,754
1610,1643
1610,1644
1610,1645
1610,1646
1610,1647
1610,1648
1610,1649
1610,1650
1610,1651
1610,452
1610,766
1610,309
1610,1652
1610,1653
1610,1654
1610,1655
1610,1656
1610,1047
1610,1657
1610,774
1610,1658
1610,776
1610,1659
1610,1660
1610,778
1610,779
1610,780
1610,1661
1610,1662
1610,1663
1610,1664
1610,1665
1610,1666
1610,1667
1610,1668
1610,1669
1610,789
1610,790
1610,454
1610,1670
1610,1671
1610,1672
1610,1673
1610,1674
1610,1550
1610,1675
1610,1676
1610,1677
1610,801
1610,1678
1610,1679
1610,1680
1610,805
1610,1681
1610,1682
1610,1054
1610,1683
1610,809
1610,1684
1610,811
1610,812
1610,1685
1610,1057
1610,1686
1610,1687
1610,817
1610,1688
1610,1689
1610,1526
1610,1690
1610,1691
1610,1692
1610,1693
1610,1694
1610,1527
1610,1695
1610,1696
1610,1697
1610,1698
1610,830
1610,1699
1610,1700
1610,1701
1610,833
1610,1702
1610,1703
1610,1704
1610,1705
1610,1706
1610,1707
1610,1708
1610,1709
1610,1710
1610,1711
1610,840
1610,1712
1610,1713
1610,1714
1610,1715
1610,1716
1610,1717
1610,1718
1610,1719
1610,1720
1610,1068
1610,1721
1610,1722
1610,1723
1610,1724
1610,1725
1610,1726
1610,1727
1610,335
1610,1070
1610,856
1610,857
1610,1533
1610,1728
1610,1729
1610,1730
1610,1731
1610,1073
1610,1732
1610,1733
1610,866
1610,867
1610,1734
1610,869
1610,473
1610,1075
1610,1735
1610,876
1610,1736
1610,902
1610,1737
1610,1738
1610,1739
1610,917
1610,1740
4,1406
4,1558
4,5
4,7
4,142
4,20
4,152
4,324
4,1741
4,952
4,1355
4,165
4,1742
4,1490
4,74
4,1743
4,1744
4,1745
4,1746
4,1747
4,1748
4,1106
4,1749
4,1750
4,1751
4,1752
4,1753
4,1754
4,1755
4,1756
4,1757
4,902
4,787
4,37
4,909
4,1758
4,1534
4,1759
4,804
4,124
5,934
5,24
5,28
5,1741
5,1432
5,1388
5,1364
5,1760
5,378
5,1761
5,1762
5,1379
5,371
5,1745
5,1763
5,1764
5,1765
5,1766
5,1767
5,1768
5,1769
5,1770
5,1771
5,1772
5,1773
5,1774
5,1775
5,1776
5,1777
5,1778
5,1779
5,1780
5,1781
5,1782
5,1783
5,1784
5,1785
5,1786
5,1787
5,1788
5,1114
5,1789
5,1790
5,1791
5,1792
5,1793
5,1794
5,1795
5,1796
5,1797
5,1798
5,1799
5,1800
5,393
5,1801
5,1802
5,1803
5,1804
5,135
5,140
5,142
5,990
5,151
5,152
5,153
5,154
5,155
5,156
5,158
5,159
5,160
5,163
5,186
5,192
5,200
5,219
5,1520
5,1524
5,1531
5,1540
5,1559
5,276
5,1575
5,282
5,1805
5,285
5,1806
5,743
5,744
5,1663
5,794
5,812
5,321
5,1732
5,869
5,1807
5,884
5,1808
5,1809
5,1810
5,917
6,132
6,7
6,1811
6,1812
6,505
6,142
6,1697
6,19
6,152
6,1813
6,30
6,1699
6,28
6,156
6,858
6,61
6,866
6,1643
6,1646
6,1648
6,1014
6,1671
7,1814
7,1002
7,8
7,9
7,1815
7,934
7,1816
7,15
7,1817
7,21
7,22
7,23
7,24
7,26
7,27
7,28
7,30
7,32
7,359
7,35
7,40
7,41
7,1362
7,45
7,47
7,48
7,50
7,1818
7,1444
7,1819
7,1368
7,58
7,1820
7,62
7,63
7,66
7,1821
7,69
7,70
7,71
7,73
7,75
7,76
7,80
7,1581
7,85
7,1468
7,87
7,89
7,1822
7,95
7,379
7,97
7,99
7,100
7,101
7,1823
7,1395
7,1824
7,107
7,977
7,1401
7,114
7,116
7,388
7,120
7,121
7,390
7,695
7,393
7,1411
7,138
7,1825
7,1123
7,1826
7,142
7,1827
7,1828
7,1829
7,1419
7,1830
7,990
7,399
7,1831
7,151
7,1125
7,508
7,1126
7,155
7,1832
7,1833
7,1834
7,1835
7,1836
7,1837
7,162
7,1838
7,1839
7,1840
7,1841
7,1842
7,1843
7,1844
7,1845
7,1482
7,1846
7,1133
7,1847
7,1848
7,1849
7,1850
7,1851
7,1852
7,1136
7,1853
7,1854
7,1855
7,515
7,1499
7,1856
7,1857
7,188
7,1858
7,1859
7,1860
7,192
7,1861
7,194
7,1862
7,1430
7,1496
7,518
7,1863
7,200
7,520
7,1864
7,1865
7,1866
7,1867
7,1508
7,523
7,1868
7,209
7,210
7,1869
7,212
7,1014
7,1512
7,1513
7,1516
7,1870
7,1149
7,952
7,1145
7,229
7,230
7,1871
7,1528
7,242
7,524
7,247
7,424
7,1872
7,425
7,1873
7,1874
7,254
7,360
7,259
7,1013
7,267
7,1566
7,993
7,1875
7,1571
7,1876
7,276
7,1031
7,1877
7,1878
7,284
7,517
7,289
7,1879
7,1880
7,298
7,299
7,1742
7,1609
7,738
7,740
7,1598
7,744
7,1881
7,461
7,1882
7,757
7,1450
7,760
7,761
7,443
7,764
7,452
7,768
7,769
7,654
7,774
7,311
7,1052
7,1883
7,784
7,785
7,1280
7,788
7,789
7,791
7,792
7,798
7,1884
7,800
7,1885
7,1886
7,805
7,806
7,318
7,1887
7,1686
7,816
7,1688
7,462
7,822
7,823
7,828
7,829
7,1888
7,831
7,1889
7,322
7,833
7,834
7,1124
7,324
7,841
7,1716
7,846
7,1557
7,849
7,1890
7,1727
7,335
7,963
7,1891
7,860
7,862
7,338
7,1732
7,865
7,866
7,871
7,1743
7,385
7,1892
7,877
7,1807
7,488
7,1893
7,1894
7,1538
7,1895
7,1896
7,1897
7,898
7,1898
7,1899
7,902
7,1900
7,483
7,1901
7,1902
7,1458
8,1814
8,1903
8,487
8,9
8,13
8,15
8,536
8,18
8,20
8,21
8,22
8,23
8,24
8,26
8,27
8,28
8,30
8,31
8,32
8,33
8,952
8,1355
8,37
8,40
8,41
8,43
8,44
8,47
8,48
8,1363
8,50
8,1449
8,52
8,56
8,1368
8,58
8,62
8,63
8,1904
8,66
8,1375
8,69
8,71
8,73
8,76
8,78
8,1384
8,1385
8,84
8,86
8,87
8,90
8,93
8,94
8,95
8,97
8,98
8,99
8,100
8,102
8,103
8,105
8,106
8,107
8,977
8,114
8,386
8,116
8,119
8,120
8,1775
8,124
8,393
8,133
8,135
8,1811
8,138
8,1883
8,1829
8,398
8,1830
8,990
8,152
8,1126
8,162
8,1479
8,407
8,1477
8,1149
8,1087
8,385
8,192
8,951
8,1504
8,205
8,1508
8,208
8,1014
8,1905
8,1906
8,1677
8,1907
8,1015
8,1908
8,1507
8,1909
8,1910
8,1911
8,1912
8,1913
8,228
8,1914
8,1915
8,231
8,232
8,1525
8,234
8,1916
8,1917
8,1918
8,1919
8,1920
8,1011
8,1921
8,1922
8,1923
8,1924
8,1925
8,246
8,1926
8,1157
8,1927
8,1928
8,534
8,1159
8,1929
8,254
8,1930
8,360
8,1931
8,1932
8,1933
8,1934
8,1935
8,1560
8,1936
8,1562
8,1937
8,266
8,1565
8,1566
8,1570
8,1361
8,276
8,1938
8,1587
8,1748
8,1939
8,1100
8,1148
8,1940
8,744
8,752
8,754
8,1450
8,760
8,768
8,769
8,780
8,782
8,1941
8,788
8,1637
8,790
8,791
8,796
8,1630
8,800
8,1524
8,805
8,806
8,318
8,807
8,808
8,809
8,1942
8,819
8,1943
8,822
8,823
8,827
8,1944
8,830
8,322
8,833
8,324
8,1564
8,326
8,329
8,847
8,1945
8,333
8,1946
8,853
8,1727
8,335
8,963
8,860
8,1379
8,1947
8,1707
8,886
8,347
8,895
8,902
8,909
8,1084
9,11
9,13
9,17
9,21
9,22
9,23
9,24
9,25
9,26
9,27
9,28
9,30
9,31
9,32
9,33
9,34
9,35
9,37
9,40
9,45
9,46
9,47
9,48
9,49
9,50
9,52
9,56
9,58
9,62
9,64
9,66
9,69
9,70
9,71
9,73
9,76
9,78
9,80
9,83
9,84
9,86
9,87
9,90
9,93
9,94
9,95
9,97
9,98
9,99
9,100
9,101
9,102
9,104
9,105
9,106
9,107
9,113
9,114
9,116
9,119
9,120
9,122
9,124
9,138
9,142
9,145
9,146
9,153
9,156
9,162
9,1948
9,164
9,165
9,166
9,180
9,185
9,190
9,192
9,196
9,200
9,207
9,209
9,210
9,1949
9,218
9,222
9,559
9,230
9,231
9,232
9,234
9,239
9,246
9,254
9,1950
9,266
9,267
9,276
9,286
9,1951
9,1952
9,292
9,300
9,305
9,736
9,738
9,740
9,741
9,749
9,752
9,754
9,756
9,1450
9,760
9,766
9,768
9,769
9,774
9,788
9,790
9,791
9,797
9,804
9,805
9,806
9,318
9,807
9,1953
9,814
9,815
9,819
9,820
9,821
9,822
9,823
9,826
9,829
9,322
9,833
9,835
9,324
9,836
9,326
9,841
9,842
9,846
9,847
9,333
9,850
9,335
9,856
9,858
9,860
9,866
9,1954
9,871
9,1955
9,878
9,1956
9,1957
9,347
9,895
9,898
9,1958
9,902
9,909
9,916
9,1959
9,934
9,357
9,1353
9,1430
9,951
9,359
9,952
9,1355
9,360
9,1960
9,1361
9,1449
9,368
9,1465
9,963
9,1379
9,371
9,1380
9,1381
9,1384
9,1455
9,379
9,1468
9,1398
9,1402
9,388
9,1436
9,393
9,396
9,398
9,990
9,1479
9,407
9,997
9,1501
9,1961
9,1503
9,1504
9,1507
9,1508
9,1509
9,1012
9,1511
9,1512
9,1513
9,1520
9,1962
9,1521
9,1528
9,1533
9,1537
9,1963
9,1560
9,1561
9,1562
9,1563
9,1564
9,1566
9,1574
9,1581
9,1587
9,443
9,1604
9,1740
9,1964
9,1047
9,1616
9,1663
9,1637
9,1670
9,1630
9,1677
9,1694
9,1697
9,507
9,1965
9,1720
9,1966
9,1727
9,1070
9,1729
9,1967
9,1743
9,1968
9,1969
9,1079
9,1970
9,1971
9,1810
9,1084
9,1972
9,1759
9,1973
9,1086
9,1974
9,1975
9,1976
9,1977
9,1093
9,1978
9,1979
9,1796
9,1980
9,1812
9,1123
9,1883
9,1830
9,1818
9,1839
9,1844
9,1133
9,1848
9,517
9,1939
9,1908
9,1912
9,1942
9,1918
9,1945
9,1925
9,1929
9,1981
9,1932
9,1935
9,1982
9,1983
9,1984
9,1985
9,1986
9,1987
9,1988
9,1989
9,1990
9,1991
9,1992
9,539
9,1993
9,1994
9,1995
9,1996
9,1997
9,1998
9,1999
9,2000
9,2001
9,2002
9,2003
9,2004
9,2005
9,542
9,2006
9,2007
9,2008
9,2009
9,2010
9,2011
9,2012
9,2013
9,2014
9,2015
9,2016
9,2017
9,2018
9,2019
9,2020
9,2021
9,2022
9,2023
9,2024
9,2025
9,2026
9,2027
9,2028
9,2029
9,2030
9,2031
9,2032
9,2033
9,2034
9,2035
9,2036
9,2037
9,2038
9,2039
9,2040
9,2041
9,2042
9,2043
9,2044
9,2045
9,552
9,2046
9,2047
9,2048
9,2049
9,2050
9,2051
9,2052
9,2053
9,2054
9,2055
9,2056
9,2057
9,2058
9,2059
9,2060
9,2061
9,2062
9,2063
9,2064
9,1182
9,2065
9,2066
9,2067
9,2068
9,2069
9,2070
9,2071
9,2072
9,2073
9,2074
9,2075
9,2076
9,2077
9,2078
9,2079
9,2080
9,2081
9,2082
9,1622
9,2083
9,2084
9,2085
9,608
9,2086
9,2087
9,2088
9,2089
9,2090
9,2091
9,2092
9,2093
9,2094
10,2095
10,41
10,2096
10,79
10,2097
10,2098
10,2099
10,115
10,127
10,2100
10,132
10,133
10,2101
10,2102
10,2103
10,2104
10,705
10,351
10,2105
10,583
10,2106
10,214
10,551
10,235
10,2107
10,2108
10,2109
10,2110
10,291
10,298
10,2111
10,754
10,776
10,790
10,318
10,319
10,2112
10,330
10,1199
10,966
10,2113
10,2114
10,2115
10,2116
10,2117
10,2118
10,1979
10,2119
10,948
10,957
10,958
10,2120
10,2121
10,2122
10,2123
10,2124
10,373
10,378
10,380
10,1419
10,977
10,385
10,2125
10,2126
10,2127
10,2128
10,2129
10,1305
10,1422
10,676
10,2130
10,2131
10,2132
10,1478
10,2133
10,2134
10,2135
10,2136
10,2137
10,424
10,2138
10,2139
10,2140
10,2141
10,1573
10,433
10,2142
10,2143
10,2144
10,2145
10,443
10,447
10,2146
10,138
10,2147
10,2148
10,1688
10,2149
10,2150
10,1708
10,2151
10,2152
10,1068
10,1227
10,2153
10,2154
10,2155
10,2156
10,2157
10,1093
10,2158
10,2159
10,2160
10,2161
10,2162
10,2163
10,1106
10,2164
10,2165
10,1812
10,1828
10,1124
10,2166
10,2167
10,1839
10,2168
10,1136
10,2169
10,520
10,2170
10,2171
10,2172
10,1154
10,2173
10,2174
10,2175
10,1931
10,713
10,2176
10,2177
10,2178
10,2033
10,2179
10,2180
10,2181
10,2182
10,2183
10,2184
10,2185
10,2186
10,2187
10,2188
10,2189
10,2190
10,2191
10,2192
10,2193
10,2194
10,2195
10,2196
10,2197
10,2198
10,2199
10,2200
10,2201
10,2202
10,2203
10,1191
10,2204
10,2205
10,2206
10,2207
10,2208
10,2209
10,2210
10,2211
10,2212
10,2213
10,2214
10,2215
10,2216
10,2217
10,2218
10,2219
10,2220
10,2221
10,1197
10,2222
10,2223
10,2224
10,2225
10,2226
10,2227
10,2228
10,1201
10,2229
10,2230
10,1202
10,2231
10,2232
10,2233
10,2234
10,572
10,2235
10,1204
10,2236
10,2237
10,2238
10,2076
10,1206
10,2239
10,1207
10,2240
10,2241
10,1208
10,2242
10,2243
10,1210
10,2244
10,2245
10,2246
10,2247
10,2248
10,2249
10,2250
10,2251
10,2252
10,2253
10,2254
10,1213
10,576
10,2255
10,2256
10,2257
10,2258
10,2259
10,2260
10,578
10,2261
10,2262
10,2263
10,2264
10,2265
10,1216
10,2266
10,579
10,1218
10,2267
10,580
10,2268
10,2269
10,2270
10,2271
10,2272
10,581
10,2273
10,2274
10,2275
10,2276
10,2277
10,2278
10,2279
10,2280
10,1220
10,584
10,1221
10,2281
10,2282
10,1222
10,2283
10,1223
10,586
10,1224
10,587
10,588
10,1225
10,2284
10,2285
10,2286
10,2287
10,2288
10,2289
10,2290
10,2291
10,2292
10,2293
10,592
10,593
10,2294
10,2295
10,2296
10,1231
10,2297
10,1232
10,596
10,2298
10,2299
10,2300
10,2301
10,2302
10,2303
10,2304
10,2305
10,2306
10,1236
10,2307
10,2308
10,2309
10,600
10,2310
10,2311
10,2312
10,2313
10,2314
10,2315
10,2316
10,603
10,2317
10,604
10,2318
10,2319
10,2320
10,2321
10,1239
10,2322
10,2323
10,606
10,2324
10,2325
10,2326
10,2327
10,1265
10,2328
10,1271
10,2329
10,2330
10,2331
10,2332
10,2333
10,648
10,2334
10,2335
10,2336
10,2337
10,2338
10,2339
10,2340
10,2341
10,2342
10,2343
10,2344
10,2345
10,2346
10,2347
10,666
10,2348
10,2349
10,628
10,2350
10,2351
10,2352
10,2353
10,2354
10,2355
10,2356
11,2357
11,2358
11,24
11,2359
11,2360
11,2361
11,2362
11,2363
11,2364
11,2365
11,2366
11,1245
11,2367
11,2368
11,2369
11,2370
11,2371
11,2372
11,1824
11,2373
11,2374
11,2375
11,2376
11,2377
11,2378
11,1368
11,2379
11,2079
11,2380
11,2381
11,2382
11,2383
11,2384
11,612
11,1103
11,2385
11,2386
11,1249
11,70
11,2387
11,613
11,2388
11,2389
11,2390
11,2391
11,2392
11,614
11,2393
11,2394
11,1251
11,2395
11,2396
11,616
11,2397
11,2398
11,1254
11,2399
11,1255
11,2400
11,2401
11,2402
11,93
11,2403
11,2404
11,2405
11,2406
11,2407
11,99
11,100
11,2408
11,2409
11,1259
11,2410
11,2411
11,2412
11,2413
11,2414
11,2415
11,110
11,1262
11,2416
11,2417
11,2418
11,618
11,2419
11,117
11,1263
11,2420
11,2421
11,2422
11,2423
11,2424
11,1264
11,2425
11,2426
11,2427
11,2428
11,2429
11,393
11,624
11,2430
11,2431
11,2432
11,2433
11,1811
11,1267
11,2434
11,2435
11,2436
11,2437
11,142
11,1827
11,1269
11,2328
11,2438
11,2439
11,2440
11,2441
11,2442
11,151
11,2329
11,2443
11,2444
11,2445
11,2330
11,1833
11,2446
11,2447
11,2448
11,2449
11,1272
11,629
11,1261
11,1840
11,2450
11,2451
11,1273
11,1844
11,1481
11,2452
11,2453
11,518
11,1488
11,1860
11,1889
11,198
11,1472
11,2454
11,209
11,1633
11,1512
11,1513
11,1519
11,1017
11,2455
11,230
11,240
11,1985
11,2456
11,276
11,1265
11,2010
11,1597
11,1902
11,2457
11,1611
11,2059
11,2458
11,57
11,2459
11,795
11,2105
11,2460
11,214
11,1625
11,2197
11,809
11,815
11,819
11,821
11,1271
11,2461
11,326
11,2240
11,1614
11,2462
11,855
11,859
11,2463
11,866
11,871
11,2464
11,580
11,2465
11,2466
11,2232
11,1896
11,1079
11,897
11,2467
11,902
11,349
11,2468
11,1972
12,2469
12,393
12,2299
12,816
12,2315
12,15
12,539
12,22
12,30
12,2470
12,952
12,2471
12,841
12,2238
12,2472
12,46
12,2473
12,2474
12,2475
12,633
12,1274
12,2476
12,2477
12,2478
12,2479
12,335
12,2480
12,58
12,2481
12,2482
12,366
12,2483
12,2484
12,2485
12,1276
12,2486
12,2487
12,2488
12,2489
12,2490
12,1075
12,76
12,205
12,1012
12,1748
12,1647
12,773
12,1391
12,778
12,1524
12,2491
12,240
12,797
12,1540
12,1436
13,15
13,22
13,24
13,28
13,29
13,1430
13,952
13,360
13,43
13,46
13,47
13,1100
13,963
13,2389
13,1751
13,2492
13,98
13,101
13,977
13,618
13,1436
13,140
13,1827
13,1828
13,990
13,2493
13,1839
13,1482
13,998
13,2474
13,71
13,1490
13,1491
13,1501
13,2494
13,2495
13,2496
13,2497
13,203
13,2498
13,2499
13,2500
13,2501
13,1277
13,2502
13,1505
13,2503
13,212
13,2504
13,2505
13,2506
13,2507
13,2508
13,2509
13,2510
13,2511
13,2512
13,1519
13,2513
13,2514
13,2515
13,2516
13,1913
13,2517
13,2518
13,230
13,1524
13,238
13,239
13,1538
13,1012
13,254
13,2519
13,1556
13,2316
13,1582
13,2520
13,752
13,757
13,1450
13,1649
13,1650
13,452
13,2051
13,774
13,1616
13,2521
13,1630
13,1677
13,2522
13,318
13,2523
13,817
13,1688
13,822
13,1695
13,830
13,322
13,834
13,329
13,845
13,852
13,856
13,2524
13,1969
13,2525
13,917
14,2526
14,41
14,2527
14,378
14,393
14,2434
14,412
14,2485
14,2528
14,2529
14,2530
14,2531
14,2532
14,2533
14,2534
14,1283
14,2535
14,2536
14,2537
14,2538
14,2539
14,2540
14,2541
14,2542
14,2543
14,2544
14,2545
14,2546
14,2547
14,2548
14,2549
14,2550
14,2551
14,2552
14,2553
14,1933
14,2554
14,2555
14,1359
14,2556
14,2557
14,2558
14,1292
14,2559
14,2560
14,2561
14,2562
14,1295
14,647
14,2563
14,2564
14,2565
14,2566
14,2567
14,2568
14,2569
14,2570
14,2571
14,2572
14,2573
14,2574
14,2575
14,2576
14,2577
14,2578
14,2579
14,2580
14,2581
14,2582
14,2583
14,2584
14,2585
14,2586
14,2587
14,2588
14,2589
14,2590
14,2591
14,2592
14,2593
14,2594
14,2595
14,2596
14,2597
14,2598
14,2599
14,1303
14,2600
14,2601
14,2602
14,2603
14,2604
14,2605
14,2606
14,2607
14,2337
14,2608
14,2609
14,2036
14,2610
14,2611
14,2612
14,2613
14,2614
14,2615
14,2616
14,2617
14,2618
14,2619
14,2620
14,2621
14,2622
14,2623
14,2624
14,2625
14,2626
14,2627
14,2628
14,2629
14,2630
14,2631
14,2632
14,654
14,2633
14,2634
14,2635
14,2636
14,801
14,1526
14,2637
14,857
14,584
15,2638
15,2639
15,1194
15,2640
15,17
15,18
15,2641
15,22
15,23
15,24
15,28
15,2642
15,30
15,33
15,2643
15,36
15,41
15,43
15,46
15,49
15,50
15,51
15,2644
15,2645
15,55
15,56
15,59
15,60
15,61
15,62
15,64
15,65
15,68
15,2646
15,2647
15,74
15,75
15,76
15,79
15,80
15,82
15,85
15,87
15,88
15,2648
15,93
15,94
15,96
15,98
15,99
15,101
15,104
15,105
15,107
15,108
15,109
15,2649
15,113
15,115
15,116
15,117
15,2650
15,121
15,122
15,123
15,125
15,2651
15,127
15,2652
15,129
15,130
15,2653
15,133
15,134
15,136
15,137
15,138
15,139
15,140
15,142
15,143
15,144
15,2654
15,2655
15,698
15,151
15,2656
15,2657
15,162
15,702
15,164
15,169
15,2658
15,173
15,2659
15,183
15,2660
15,185
15,188
15,189
15,192
15,2661
15,195
15,196
15,2662
15,203
15,2663
15,207
15,209
15,210
15,211
15,212
15,214
15,2664
15,219
15,220
15,222
15,2665
15,225
15,510
15,229
15,230
15,231
15,234
15,235
15,236
15,238
15,239
15,2666
15,243
15,2667
15,2668
15,246
15,248
15,249
15,2669
15,251
15,2670
15,2671
15,266
15,267
15,2672
15,270
15,271
15,2673
15,274
15,276
15,2674
15,285
15,286
15,287
15,288
15,2675
15,291
15,294
15,2676
15,297
15,298
15,299
15,300
15,305
15,2677
15,2678
15,743
15,744
15,745
15,2679
15,747
15,750
15,752
15,754
15,1450
15,759
15,760
15,2680
15,763
15,765
15,766
15,309
15,767
15,770
15,2681
15,772
15,687
15,776
15,777
15,778
15,779
15,780
15,782
15,785
15,2682
15,788
15,2683
15,2684
15,2685
15,794
15,795
15,796
15,797
15,1884
15,800
15,801
15,802
15,805
15,806
15,318
15,812
15,813
15,816
15,2686
15,2687
15,824
15,321
15,825
15,827
15,2688
15,832
15,322
15,833
15,835
15,324
15,837
15,326
15,839
15,840
15,329
15,842
15,330
15,844
15,845
15,849
15,2689
15,851
15,853
15,854
15,335
15,856
15,858
15,859
15,862
15,864
15,867
15,870
15,871
15,2690
15,876
15,879
15,880
15,2691
15,2692
15,2693
15,895
15,2694
15,897
15,898
15,902
15,2115
15,2695
15,2696
15,2697
15,917
15,2698
15,354
15,924
15,926
15,927
15,2699
15,2700
15,2701
15,933
15,934
15,2702
15,2703
15,938
15,2704
15,2705
15,943
15,945
15,947
15,948
15,950
15,1430
15,1432
15,359
15,1356
15,1358
15,360
15,1359
15,1361
15,1362
15,363
15,1447
15,956
15,2706
15,1452
15,1368
15,2707
15,366
15,2708
15,2709
15,963
15,2710
15,965
15,2711
15,2712
15,969
15,2713
15,1437
15,1388
15,378
15,2714
15,1390
15,1391
15,1399
15,380
15,1395
15,1419
15,1397
15,1398
15,977
15,1401
15,385
15,386
15,2715
15,388
15,1434
15,389
15,390
15,1436
15,1405
15,1407
15,392
15,393
15,984
15,1305
15,1412
15,396
15,1414
15,398
15,990
15,2716
15,401
15,1422
15,1423
15,1464
15,2717
15,2718
15,997
15,1482
15,1477
15,1492
15,412
15,1488
15,1499
15,1501
15,416
15,1493
15,1476
15,1006
15,417
15,2719
15,2720
15,1509
15,1510
15,1511
15,1014
15,1513
15,1516
15,1517
15,1015
15,1518
15,1519
15,1017
15,1523
15,2721
15,1524
15,1551
15,1525
15,1526
15,1527
15,1528
15,423
15,1535
15,1538
15,2722
15,1543
15,1545
15,1558
15,2723
15,1561
15,2724
15,2725
15,1565
15,1027
15,1567
15,1570
15,1571
15,1030
15,1572
15,1556
15,1031
15,2726
15,1445
15,1554
15,2727
15,1580
15,2728
15,1582
15,2729
15,2730
15,1591
15,1588
15,2731
15,439
15,2732
15,1593
15,443
15,444
15,1597
15,2733
15,446
15,448
15,1042
15,1604
15,1605
15,1644
15,2734
15,1648
15,1649
15,2735
15,2736
15,2737
15,1654
15,1047
15,1613
15,1659
15,2738
15,1661
15,1664
15,2739
15,1667
15,2740
15,2741
15,2742
15,2743
15,2744
15,1675
15,1677
15,1625
15,2745
15,2746
15,2747
15,2748
15,1681
15,2749
15,1054
15,2750
15,2751
15,2752
15,2753
15,2754
15,1685
15,2755
15,1686
15,1687
15,1624
15,1688
15,2756
15,1641
15,2757
15,2758
15,2759
15,2760
15,2761
15,2762
15,2763
15,1696
15,2764
15,2765
15,2766
15,2767
15,2768
15,1717
15,2769
15,1702
15,2770
15,1704
15,2771
15,2772
15,2773
15,2774
15,1709
15,2775
15,2776
15,2777
15,2778
15,2779
15,1714
15,2780
15,1716
15,2781
15,2782
15,2783
15,1720
15,1068
15,2784
15,2785
15,2786
15,2787
15,1725
15,2788
15,2789
15,1619
15,2790
15,1621
15,2791
15,2792
15,1728
15,2793
15,2794
15,2795
15,2796
15,1732
15,2797
15,2798
15,1629
15,2799
15,472
15,473
15,2800
15,2801
15,2802
15,2803
15,2804
15,2805
15,2806
15,2807
15,2808
15,2809
15,2810
15,2465
15,2811
15,2812
15,2813
15,2814
15,2815
15,2816
15,2817
15,1757
15,2818
15,2819
15,2820
15,1084
15,2821
15,2822
15,2823
15,1973
15,2824
15,485
15,1815
15,2825
15,2826
15,2827
15,2828
15,2829
15,2830
15,2831
15,1093
15,2832
15,2833
15,2834
15,2835
15,2836
15,2837
15,2838
15,1100
15,2839
15,2840
15,2841
15,2842
15,2843
15,2844
15,2845
15,1103
15,1762
15,2846
15,2847
15,1744
15,2848
15,2849
15,2164
15,1237
15,2850
15,2851
15,2852
15,2853
15,2854
15,1773
15,2855
15,1778
15,2856
15,2857
15,1787
15,2858
15,1114
15,2859
15,2860
15,1805
15,1811
15,2861
15,1827
15,1828
15,1266
15,1124
15,2862
15,1901
15,2863
15,1126
15,1833
15,1834
15,2864
15,1839
15,2865
15,2866
15,1848
15,1852
15,1136
15,1854
15,1855
15,2867
15,2868
15,2869
15,517
15,1889
15,518
15,1900

------WebKitFormBoundary8kD719rZcVFyPZNN
Content-Disposition: form-data; name="group1"

1
------WebKitFormBoundary8kD719rZcVFyPZNN
Content-Disposition: form-data; name="group2"

1
------WebKitFormBoundary8kD719rZcVFyPZNN
Content-Disposition: form-data; name="s_node"

0
------WebKitFormBoundary8kD719rZcVFyPZNN
Content-Disposition: form-data; name="group3"

1
------WebKitFormBoundary8kD719rZcVFyPZNN
Content-Disposition: form-data; name="beta"

0.5
------WebKitFormBoundary8kD719rZcVFyPZNN
Content-Disposition: form-data; name="gamma"

0.5
------WebKitFormBoundary8kD719rZcVFyPZNN
Content-Disposition: form-data; name="group4"

1
------WebKitFormBoundary8kD719rZcVFyPZNN--
