node 0 iteration 1
0 [0]
1 [132,161,191,375,455,507,634,]
2 [3,269,285,387,410,457,571,]
3 [106,116,136,215,314,509,549,663,]
4 [35,62,158,358,668,]
5 [66,379,408,443,446,683,]
6 [2,69,70,312,403,414,544,567,1350,707,738,757,844,955,1300,1309,]
7 [118,278,316,317,351,385,433,476,584,684,629,693,734,798,832,889,971,1111,1135,1333,378,983,]
8 [463,511,83,399,590,945,1053,1086,1184,1198,1237,359,371,424,897,942,1410,1431,1473,]
9 [37,190,339,346,361,526,931,1048,1072,1129,1195,1254,1344,1483,1360,]
10 [4,63,166,230,664,90,395,802,812,834,873,963,1078,1194,1258,1280,1494,28,404,1398,]
11 [16,33,73,126,241,99,133,294,324,719,807,815,912,1047,1068,1091,1186,1193,997,27,]
12 [8,145,232,318,363,524,576,15,788,809,903,1056,1128,1152,1179,1326,1491,23,274,291,335,1379,1430,]
13 [192,252,277,498,543,635,78,64,974,1077,1126,1290,1395,]
14 [22,210,284,599,45,162,1011,1509,333,865,1087,1145,1156,1220,1272,1495,1466,]
15 [54,61,74,89,477,565,659,789,1190,1206,1235,366,380,994,]
16 [52,479,665,764,861,1266,1419,]
17 [144,304,514,425,572,737,749,787,808,843,878,888,1013,1028,1109,1125,1255,1265,1412,1426,]
18 [7,81,205,568,577,602,229,709,712,857,1275,1476,768,956,1384,1457,]
19 [98,168,218,222,574,575,658,156,907,1261,1278,1289,1306,390,]
20 [264,299,467,500,71,810,858,895,1025,1106,1391,1425,]
21 [263,266,267,349,355,377,427,435,462,527,553,646,152,292,886,891,910,934,972,1104,]
22 [26,481,673,225,906,1098,1279,1334,1441,]
23 [72,207,484,580,618,644,59,596,681,722,767,968,1234,1339,]
24 [43,255,538,219,892,936,981,984,1270,1414,1432,1442,]
25 [122,297,328,440,325,716,1496,1499,]
26 [32,413,451,465,547,202,276,1037,1073,1112,1120,1230,1249,208,1477,1446,]
27 [112,199,261,657,938,782,797,816,926,1024,1256,845,]
28 [6,496,497,613,393,1204,1263,1288,]
29 [92,381,450,505,670,676,551,1055,1064,1202,1268,]
30 [14,163,221,236,382,436,200,1507,606,696,715,724,728,731,841,914,958,978,985,1137,1142,1222,9,]
31 [201,206,279,438,459,651,110,687,763,1002,1083,1302,]
32 [147,301,392,546,705,921,1042,1081,1097,1167,1413,]
33 [337,431,492,745,748,996,1049,326,770,1444,]
34 [39,260,449,493,652,107,744,947,1158,234,364,1393,]
35 [174,224,444,469,503,532,603,641,95,995,1317,823,]
36 [195,296,347,525,30,309,523,726,800,801,881,911,970,1329,]
37 [102,394,554,124,1447,1449,]
38 [329,1411,1451,]
39 [423,540,105,401,1415,1434,]
40 [177,240,249,396,437,561,952,1422,]
41 [44,87,185,354,115,]
42 [178,315,]
43 [40,113,181,197,216,247,374,51,1380,1409,]
44 [135,139,149,]
45 [298,320,365,548,386,1244,1471,]
46 [473,531,643,114,1364,1388,1407,]
47 [235,290,400,416,422,557,1469,]
48 [258,1358,1448,]
49 [18,94,140,227,231,508,29,1468,]
50 [367,536,1404,]
51 [352,480,485,]
52 [108,259,559,564,662,117,754,]
53 [146,357,623,1399,1406,1416,]
54 [585,1365,]
55 [184,672,1374,1389,]
56 [31,453,138,1502,1352,]
57 [502,600,655,671,1376,1381,]
58 [348,1504,]
59 [1403,]
60 [11,243,]
61 [120,558,1375,]
62 [93,331,1359,1424,1450,1456,]
63 [104,445,648,97,1459,]
64 [50,134,151,271,517,402,1455,]
65 [137,198,220,680,]
66 [34,488,990,1436,1461,1467,]
67 [338,556,1470,]
68 [167,376,478,486,583,610,]
69 [186,513,]
70 [272,578,]
71 [10,289,426,]
72 [76,501,1503,1394,]
73 [21,91,]
74 [180,598,872,977,]
75 [160,48,817,]
76 [36,251,428,674,]
77 [157,421,1472,]
78 [187,1405,]
79 [165,313,470,25,1439,]
80 [100,679,85,188,47,805,1401,]
81 [233,415,521,541,]
82 [280,1452,]
83 [79,103,528,155,]
84 [330,356,494,628,]
85 [153,295,550,620,]
86 [141,150,460,515,]
87 [562,614,638,]
88 [257,]
89 [212,587,]
90 [405,482,]
91 [67,123,164,373,542,595,]
92 [38,142,283,300,472,]
93 [75,268,555,]
94 [327,362,442,]
95 [586,]
96 [42,56,372,499,660,]
97 [409,]
98 [248,306,343,]
99 [84,179,245,495,]
100 [647,678,]
101 [275,350,]
102 [65,171,566,]
103 [226,342,397,534,]
104 [46,60,637,]
105 [389,631,]
106 [170,456,535,539,639,669,]
107 [353,432,454,474,]
108 []
109 [183,336,605,621,624,]
110 [591,654,]
111 [573,]
112 [228,]
113 [17,281,582,]
114 [238,]
115 [270,]
116 [5,]
117 [211,]
118 [418,642,]
119 [109,189,345,369,407,434,506,]
120 [148,593,]
121 [250,]
122 [128,173,412,519,]
123 [321,661,]
124 [611,]
125 []
last timestep 125
